"","Team","YEAR","W","IP","PO","AVGagainst","SOfor","H","ERA","R","TB","AB","RBI","RANK"
"1","CSM",2004,9,368.2,1106,0.402,225,446,11.35,281,659,1592,248,8
"2","CSUP",2004,43,427.1,1282,0.256,426,684,3.9,524,1039,1840,470,2
"3","FHSU",2004,32,356.2,1067,0.322,243,484,6.81,388,813,1464,342,3
"4","CMU",2004,44,504.2,1514,0.284,441,835,5.12,659,1378,2230,596,1
"5","MSUD",2004,24,376.1,1129,0.334,290,530,7.22,352,798,1565,311,6
"6","UNK",2004,19,392.2,1178,0.327,257,473,7.22,294,710,1641,268,7
"7","NMHU",2004,30,421.2,1265,0.323,286,554,5.46,421,825,1713,375,5
"8","Regis",2004,32,393.2,1181,0.307,341,664,5.37,471,1057,1782,428,3
"9","CSM",2005,12,401,1203,0.39,201,476,9.2,285,682,1662,252,8
"10","CSUP",2005,31,480,1440,0.291,326,656,5.55,445,961,2004,405,3
"11","FHSU",2005,30,396,1188,0.301,241,547,4.93,385,853,1649,339,4
"12","CMU",2005,46,506.1,1519,0.277,390,778,5.23,571,1219,2158,524,1
"13","MSUD",2005,28,416,1248,0.302,264,495,5.62,329,706,1648,290,5
"14","UNK",2005,20,394,1182,0.334,236,512,7.36,315,707,1665,286,7
"15","NMHU",2005,38,443,1329,0.326,288,676,6.4,511,1035,1882,465,2
"16","Regis",2005,24,396,1188,0.295,344,497,5.52,274,700,1609,233,6
"17","CCU",2006,6,375.1,1124,0.404,138,392,11.58,171,493,1533,156,9
"18","CSM",2006,17,400.1,1201,0.347,221,460,7.69,267,631,1605,237,8
"19","CSUP",2006,35,464.1,1393,0.312,313,677,5.8,520,995,1982,462,3
"20","FHSU",2006,46,491.1,1474,0.267,359,666,3.65,470,947,2006,420,1
"21","CMU",2006,39,472.2,1418,0.28,411,686,4.93,534,1034,1985,481,2
"22","MSUD",2006,26,404.1,1213,0.293,259,474,5.12,307,711,1623,270,7
"23","UNK",2006,28,416.2,1250,0.323,329,587,5.94,378,815,1762,345,6
"24","NMHU",2006,30,439.2,1319,0.329,271,675,6.92,491,1028,1934,431,4
"25","Regis",2006,30,442.2,1328,0.314,363,600,5.73,405,853,1833,369,4
"26","CCU",2007,11,390,1170,0.371,231,438,8.65,228,593,1627,204,8
"27","CSM",2007,14,407,1221,0.351,257,521,8.8,325,747,1695,294,7
"28","CSUP",2007,36,419.1,1258,0.333,312,637,6.74,475,927,1775,432,3
"29","CMU",2007,49,516.2,1550,0.28,464,690,4.22,506,1075,2079,465,1
"30","MSUD",2007,17,418,1254,0.32,339,507,7.51,342,715,1752,293,6
"31","NMHU",2007,38,471,1413,0.338,379,777,6.76,573,1219,2052,531,2
"32","UNK",2007,33,456,1368,0.32,310,647,6.24,447,934,1911,408,4
"33","Regis",2007,23,431.2,1295,0.332,336,592,7.57,351,833,1814,302,5
"34","CCU",2008,16,449.1,1348,0.355,257,552,8.73,348,763,1872,328,8
"35","CSM",2008,20,419.1,1258,0.375,283,575,9.62,384,811,1780,337,7
"36","CSUP",2008,25,437,1311,0.332,330,641,7.54,422,908,1857,380,6
"37","CMU",2008,41,470,1410,0.297,372,768,5.88,617,1240,2069,559,1
"38","MSUD",2008,38,446,1338,0.32,382,606,7.49,528,984,1850,482,2
"39","NMHU",2008,31,481,1443,0.349,282,742,7.69,529,1046,2050,487,4
"40","UNK",2008,34,488.2,1466,0.328,320,701,6.92,515,1016,2057,478,3
"41","Regis",2008,27,383,1149,0.335,277,643,8.18,469,934,1721,414,5
"42","CCU",2009,20,432.1,1297,0.366,268,603,8.56,390,895,1834,365,7
"43","CSM",2009,10,354,1062,0.361,283,372,8.75,198,514,1410,174,8
"44","CSUP",2009,41,505.1,1515,0.308,391,794,7.2,630,1222,2154,566,2
"45","CMU",2009,44,479,1437,0.314,371,777,6.14,608,1204,2067,548,1
"46","MSUD",2009,28,407.1,1222,0.337,310,547,7.47,389,847,1684,338,4
"47","NMHU",2009,39,482.1,1447,0.332,350,773,6.89,582,1155,2053,533,3
"48","UNK",2009,26,450.2,1352,0.313,355,619,6.07,431,914,1936,387,5
"49","Regis",2009,23,409.2,1229,0.331,263,631,8.74,464,993,1805,419,6
"50","CCU",2010,17,430.2,1292,0.389,274,530,10.39,329,810,1779,294,6
"51","CSM",2010,12,306.1,919,0.348,246,417,7.87,260,582,1303,222,8
"52","CSUP",2010,23,362.1,1087,0.317,283,491,6.73,307,697,1488,275,4
"53","CMU",2010,37,457.1,1372,0.32,324,760,7.01,562,1139,2019,525,2
"54","MSUD",2010,21,350.2,1052,0.336,218,472,7.73,338,802,1482,306,5
"55","UNK",2010,36,440,1320,0.297,305,585,4.93,407,823,1811,359,3
"56","NMHU",2010,41,439.2,1319,0.302,310,701,5.83,572,1125,1902,516,1
"57","Regis",2010,15,347.2,1043,0.332,243,458,6.94,308,751,1470,286,7
"58","CCU",2011,9,407,1220,0.349,206,480,8.47,308,644,1677,280,8
"59","CSM",2011,17,375.2,1127,0.345,277,504,8.84,316,630,1596,279,7
"60","CSUP",2011,26,419.1,1258,0.304,310,488,6.27,350,731,1643,323,5
"61","CMU",2011,35,454.1,1363,0.271,384,551,4.38,330,723,1779,289,2
"62","MSUD",2011,29,366.1,1099,0.307,273,481,5.8,380,746,1483,345,3
"63","NMHU",2011,27,427,1281,0.295,398,577,5.92,340,789,1740,303,4
"64","UNK",2011,38,458.1,1375,0.306,289,601,5.24,414,843,1858,368,1
"65","Regis",2011,22,384.2,1154,0.313,271,474,6.08,306,677,1586,278,6
"66","CCU",2012,11,399,1197,0.345,246,457,8.77,226,592,1613,197,8
"67","CMU",2012,39,434.2,1304,0.275,384,616,4.72,433,847,1800,380,2
"68","CSM",2012,17,364,1092,0.382,220,486,9.37,297,596,1545,251,6
"69","CSUP",2012,28,427.2,1283,0.304,293,565,5.93,397,859,1764,356,4
"70","MSUD",2012,15,356.1,1069,0.344,229,430,7.25,257,615,1459,239,7
"71","UNK",2012,18,394,1182,0.336,246,562,7.56,373,816,1729,335,5
"72","NMHU",2012,41,459,1377,0.291,351,638,5.33,465,920,1892,418,1
"73","Regis",2012,33,457.1,1372,0.285,347,547,4.64,367,775,1826,321,3
"74","ASU",2013,10,366.2,1100,0.389,198,421,11.07,228,583,1515,200,7
"75","CCU",2013,7,362,1085,0.344,231,428,8.28,183,524,1517,165,8
"76","CMU",2013,45,464,1392,0.255,433,663,3.34,478,940,1916,421,1
"77","CSM",2013,22,377.2,1133,0.317,261,413,5.98,246,521,1485,211,5
"78","CSUP",2013,32,430,1290,0.298,298,553,5.07,359,789,1755,326,2
"79","MSUD",2013,20,375,1125,0.312,236,425,5.62,260,615,1515,244,6
"80","NMHU",2013,29,423,1269,0.314,303,536,5.81,355,738,1684,320,3
"81","Regis",2013,28,374.2,1124,0.291,304,526,4.88,346,700,1558,312,4
"82","ASU",2014,15,374.1,1123,0.351,229,481,7.93,284,694,1567,267,6
"83","CCU",2014,8,358.2,1076,0.371,163,401,9.36,204,535,1460,185,8
"84","CMU",2014,46,495.2,1487,0.263,344,709,3.67,483,1035,2025,439,1
"85","CSM",2014,24,369,1107,0.292,238,461,4.88,277,603,1500,244,4
"86","CSUP",2014,29,434.1,1303,0.304,311,539,5.53,347,757,1758,301,3
"87","MSUD",2014,14,326.1,979,0.312,193,384,5.3,216,524,1342,189,7
"88","NMHU",2014,32,429,1287,0.332,252,554,6.27,374,847,1722,336,2
"89","Regis",2014,20,350.1,1051,0.351,187,510,7.71,318,747,1505,280,5
"90","ASU",2015,20,404.2,1214,0.348,241,512,7.74,308,723,1698,280,5
"91","CCU",2015,14,381.1,1144,0.343,235,468,7.65,269,632,1557,243,8
"92","CMU",2015,47,469.1,1408,0.27,393,663,3.64,460,997,1925,412,1
"93","CSM",2015,18,351.2,1049,0.334,261,457,6.07,292,665,1471,263,7
"94","CSUP",2015,41,462.1,1387,0.284,357,608,4.38,411,821,1827,371,2
"95","MSUD",2015,28,403,1209,0.281,361,431,4.69,254,651,1551,228,3
"96","NMHU",2015,21,361.2,1085,0.334,250,445,7.37,287,684,1462,259,4
"97","Regis",2015,20,404.2,1214,0.32,304,523,6.36,322,726,1673,285,5
"98","ASU",2016,22,406.1,1219,0.34,308,553,7.49,341,776,1733,320,4
"99","CCU",2016,11,363,1089,0.361,247,390,7.71,215,527,1463,187,8
"100","CMU",2016,42,475.2,1427,0.242,447,603,3.18,365,871,1842,322,1
"101","CSM",2016,29,357.2,1073,0.326,227,471,5.11,326,665,1453,278,2
"102","CSUP",2016,28,394,1182,0.301,318,527,4.93,320,815,1590,294,3
"103","MSUD",2016,16,324.1,973,0.298,240,375,4.99,216,582,1284,205,6
"104","NMHU",2016,14,388.1,1165,0.318,255,398,6.4,221,567,1542,201,7
"105","Regis",2016,20,368.1,1105,0.307,312,432,5.57,259,592,1468,230,5
"106","ASU",2017,13,363,1089,0.344,305,433,8.55,252,593,1472,218,9
"107","CCU",2017,17,392.2,1178,0.329,288,509,7.68,296,677,1634,264,8
"108","CMU",2017,49,523,1569,0.242,529,705,3.18,484,1139,2105,437,1
"109","CSM",2017,32,424.1,1273,0.313,328,549,6.21,400,853,1719,352,2
"110","CSUP",2017,23,393,1179,0.332,302,527,6.78,329,682,1633,304,5
"111","MSUD",2017,27,425,1275,0.313,292,537,6.16,311,775,1701,274,3
"112","NMHU",2017,19,360.2,1082,0.335,237,499,6.79,358,738,1544,327,7
"113","Regis",2017,26,420.2,1262,0.32,307,508,6.18,338,811,1692,309,4
"114","UCCS",2017,22,398.1,1195,0.332,280,498,6.46,289,723,1621,264,6
"115","ASU",2018,3,384.2,1154,0.355,276,420,9.59,203,582,1598,189,9
"116","CSM",2018,37,459.1,1378,0.302,354,595,5.6,465,1034,1877,428,2
"117","CCU",2018,20,361.1,1084,0.301,303,483,6.85,342,738,1530,326,7
"118","CMU",2018,41,503,1509,0.27,492,702,4.83,487,1075,2068,437,1
"119","CSUP",2018,26,417.2,1253,0.304,338,525,6.01,358,775,1690,327,5
"120","MSUD",2018,22,398.1,1195,0.32,311,465,7.25,326,723,1595,300,6
"121","NMHU",2018,19,400,1200,0.336,281,459,7.81,313,711,1617,293,8
"122","Regis",2018,27,414,1242,0.291,390,506,5.8,322,775,1676,287,4
"123","UCCS",2018,28,409.2,1229,0.308,322,488,5.56,376,823,1661,348,3
